1 0.00000762939453125000 10000 2.00000000000000000000 1 4.00000000000000000000 1 4.00000000000000000000 1
2 0.00000953674316406250 10000 2.50000000000000000000 1 6.00000000000000000000 1 5.00000000000000000000 1
3 0.00000953674316406250 10000 2.25000000000000000000 2 5.50000000000000000000 1 4.50000000000000000000 2
4 0.00000953674316406250 10000 2.12500000000000000000 2 5.25000000000000000000 1 4.25000000000000000000 2
5 0.00000977516174316406 10000 2.06250000000000000000 2 5.12500000000000000000 1 4.12500000000000000000 2
6 0.00000989437103271484 10000 2.06250000000000000000 3 5.12500000000000000000 1 4.12500000000000000000 3
7 0.00000995397567749023 10000 2.04687500000000000000 3 5.00000000000000000000 1 4.06250000000000000000 3
8 0.00000998377799987793 10000 2.04687500000000000000 3 5.10937500000000000000 1 4.09375000000000000000 3
9 0.00000999867916107178 10000 2.04296875000000000000 3 5.10156250000000000000 1 4.08593750000000000000 3
10 0.00000999867916107178 10000 2.04101562500000000000 3 5.10156250000000000000 1 4.08203125000000000000 3
11 0.00000999867916107178 10000 2.03906250000000000000 3 5.09765625000000000000 1 4.07812500000000000000 3
12 0.00000999867916107178 10000 2.03906250000000000000 3 5.09765625000000000000 1 4.07812500000000000000 3
13 0.00000999961048364639 10000 2.03881835937500000000 4 5.09521484375000000000 1 4.07714843750000000000 4
14 0.00000999961048364639 10000 2.03881835937500000000 4 5.09594726562500000000 1 4.07739257812500000000 4
15 0.00000999984331429005 10000 2.03875732421875000000 4 5.09643554687500000000 1 4.07739257812500000000 4
16 0.00000999995972961187 10000 2.03875732421875000000 4 5.09686279296875000000 1 4.07751464843750000000 4
17 0.00000999995972961187 10000 2.03874206542968750000 4 5.09683227539062500000 1 4.07748413085937500000 4
18 0.00000999998883344233 10000 2.03873443603515625000 4 5.09677124023437500000 1 4.07745361328125000000 4
19 0.00000999998883344233 10000 2.03873825073242187500 4 5.09683990478515625000 1 4.07747650146484375000 4
20 0.00000999999610939994 10000 2.03873634338378906250 4 5.09682464599609375000 1 4.07746887207031250000 4
21 0.00000999999974737875 10000 2.03873634338378906250 4 5.09683227539062500000 1 4.07747077941894531250 4
22 0.00000999999974737875 10000 2.03873586654663085938 4 5.09683609008789062500 1 4.07747077941894531250 4
23 0.00000999999974737875 10000 2.03873610496520996094 4 5.09683990478515625000 1 4.07747220993041992188 4
24 0.00000999999974737875 10000 2.03873598575592041016 4 5.09683895111083984375 1 4.07747173309326171875 4
25 0.00000999999997475243 10000 2.03873598575592041016 4 5.09683942794799804688 1 4.07747185230255126953 4
26 0.00000999999997475243 10000 2.03873601555824279785 4 5.09684008359909057617 1 4.07747203111648559570 4
27 0.00000999999997475243 10000 2.03873600065708160400 4 5.09684002399444580078 1 4.07747200131416320801 4
28 0.00000999999997475243 10000 2.03873598575592041016 4 5.09683990478515625000 1 4.07747195661067962646 4
29 0.00000999999998896328 10000 2.03873598575592041016 4 5.09683993458747863770 1 4.07747196406126022339 4
30 0.00000999999999606871 10000 2.03873598575592041016 4 5.09683996438980102539 1 4.07747197151184082031 4
31 0.00000999999999962142 10000 2.03873598389327526093 4 5.09683995321393013000 1 4.07747196592390537262 4
32 0.00000999999999962142 10000 2.03873598389327526093 4 5.09683995600789785385 1 4.07747196685522794724 4
33 0.00000999999999962142 10000 2.03873598389327526093 4 5.09683995973318815231 1 4.07747196778655052185 4
34 0.00000999999999962142 10000 2.03873598377685993910 4 5.09683995926752686501 1 4.07747196755371987820 4
35 0.00000999999999984347 10000 2.03873598377685993910 4 5.09683995973318815231 1 4.07747196755371987820 4
36 0.00000999999999995449 10000 2.03873598368954844773 4 5.09683995897648856044 1 4.07747196732088923454 4
37 0.00000999999999995449 10000 2.03873598368954844773 4 5.09683995912200771272 1 4.07747196734999306500 4
38 0.00000999999999998225 10000 2.03873598368954844773 4 5.09683995916566345841 1 4.07747196736454498023 4
39 0.00000999999999999612 10000 2.03873598368591046892 4 5.09683995917293941602 1 4.07747196735726902261 4
40 0.00000999999999999612 10000 2.03873598368954844773 4 5.09683995920931920409 1 4.07747196737909689546 4
41 0.00000999999999999959 10000 2.03873598369045794243 4 5.09683995921841415111 1 4.07747196737909689546 4
42 0.00000999999999999959 10000 2.03873598369000319508 4 5.09683995922114263522 1 4.07747196737909689546 4
43 0.00000999999999999959 10000 2.03873598369023056875 4 5.09683995922523536137 1 4.07747196738046113751 4
44 0.00000999999999999959 10000 2.03873598369011688192 4 5.09683995922432586667 1 4.07747196738000639016 4
45 0.00000999999999999981 10000 2.03873598369011688192 4 5.09683995922478061402 1 4.07747196738012007700 4
46 0.00000999999999999992 10000 2.03873598369011688192 4 5.09683995922506483112 1 4.07747196738017692041 4
47 0.00000999999999999997 10000 2.03873598369011688192 4 5.09683995922517851795 1 4.07747196738020534212 4
48 0.00001000000000000000 10000 2.03873598369011688192 4 5.09683995922523536137 1 4.07747196738021955298 4
49 0.00001000000000000000 10000 2.03873598369011332920 4 5.09683995922525667766 1 4.07747196738021955298 4
50 0.00001000000000000000 10000 2.03873598369011155285 4 5.09683995922527088851 1 4.07747196738021955298 4
51 0.00001000000000000000 10000 2.03873598369011332920 4 5.09683995922528865208 1 4.07747196738022665841 4
52 0.00001000000000000000 10000 2.03873598369011199694 4 5.09683995922527977029 1 4.07747196738022399387 4
